0.9129778672032193
1.0
0.7694598888006354
0.922244094488189
1.0
0.7566001287830006
0.9181494661921709
1.0
0.7527389903329753
0.918918918918919
1.0
0.773116259653517
0.9249624812406203
1.0
0.7790262172284644
0.8696883852691218
1.0
0.6004765687053217
0.32128673550436854
0.3504765687053217
0.6004765687053217
0.8405194805194806
1.0
0.6004765687053217
0.8405194805194806
1.0
0.6004765687053217
0.8405194805194806
1.0
0.6004765687053217
0.8405194805194806
1.0
0.6004765687053217
0.8958333333333334
1.0
0.7694598888006354
0.8976555455365194
1.0
0.7566001287830006
0.9021636876763875
1.0
0.7527389903329753
0.899953466728711
1.0
0.773116259653517
0.9085144927536232
1.0
0.7790262172284644
