0.8266481334392375
0.7499150526673463
0.7297008547008547
0.8214209057737712
0.7801173627890922
0.7445360085990684
0.8131041890440387
0.7576172543649435
0.723207948899929
0.8307242746816949
0.7610216934919524
0.7156827236508512
0.8381190178942988
0.774949083503055
0.7339222614840989
0.8266481334392375
0.47903541168802954
0.45486492422578517
0.8214209057737712
0.533285951196399
0.49869016432483926
0.8131041890440387
0.5162118031257289
0.4859702900259373
0.8307242746816949
0.5065176908752328
0.4777099953073674
0.8381190178942988
0.5139891696750902
0.47825096788886357
